405
1   0.0    0.0   0.0
0   0.0    3.3125   0.0
1   0.949741    2.65   1.645
0   0.949741    0.6625   1.645
1   3.798965    2.65   0.0
0   3.798965    0.6625   0.0
1   2.849223    0.0   1.645
0   2.849223    3.3125   1.645
1   5.698447    0.0   0.0
0   5.698447    3.3125   0.0
1   6.648188    2.65   1.645
0   6.648188    0.6625   1.645
1   9.497411    2.65   0.0
0   9.497411    0.6625   0.0
1   8.54767    0.0   1.645
0   8.54767    3.3125   1.645
1   11.396894    0.0   0.0
0   11.396894    3.3125   0.0
1   12.346635    2.65   1.645
0   12.346635    0.6625   1.645
1   15.195858    2.65   0.0
0   15.195858    0.6625   0.0
1   14.246117    0.0   1.645
0   14.246117    3.3125   1.645
1   17.095341    0.0   0.0
0   17.095341    3.3125   0.0
1   18.045082    2.65   1.645
0   18.045082    0.6625   1.645
1   20.894304    2.65   0.0
0   20.894304    0.6625   0.0
1   19.944563    0.0   1.645
0   19.944563    3.3125   1.645
1   22.793787    0.0   0.0
0   22.793787    3.3125   0.0
1   23.743526    2.65   1.645
0   23.743526    0.6625   1.645
1   26.592751    2.65   0.0
0   26.592751    0.6625   0.0
1   25.643011    0.0   1.645
0   25.643011    3.3125   1.645
1   0.0    0.0   3.29
0   0.0    3.3125   3.29
1   0.949741    2.65   4.935
0   0.949741    0.6625   4.935
1   3.798965    2.65   3.29
0   3.798965    0.6625   3.29
1   2.849223    0.0   4.935
0   2.849223    3.3125   4.935
1   5.698447    0.0   3.29
0   5.698447    3.3125   3.29
1   6.648188    2.65   4.935
0   6.648188    0.6625   4.935
1   9.497411    2.65   3.29
0   9.497411    0.6625   3.29
1   8.54767    0.0   4.935
0   8.54767    3.3125   4.935
1   11.396894    0.0   3.29
0   11.396894    3.3125   3.29
1   12.346635    2.65   4.935
0   12.346635    0.6625   4.935
1   15.195858    2.65   3.29
0   15.195858    0.6625   3.29
1   14.246117    0.0   4.935
0   14.246117    3.3125   4.935
1   17.095341    0.0   3.29
0   17.095341    3.3125   3.29
1   18.045082    2.65   4.935
0   18.045082    0.6625   4.935
1   20.894304    2.65   3.29
0   20.894304    0.6625   3.29
1   19.944563    0.0   4.935
0   19.944563    3.3125   4.935
1   22.793787    0.0   3.29
0   22.793787    3.3125   3.29
1   23.743526    2.65   4.935
0   23.743526    0.6625   4.935
1   26.592751    2.65   3.29
0   26.592751    0.6625   3.29
1   25.643011    0.0   4.935
0   25.643011    3.3125   4.935
1   0.0    0.0   6.58
0   0.0    3.3125   6.58
1   0.949741    2.65   8.225
0   0.949741    0.6625   8.225
1   3.798965    2.65   6.58
0   3.798965    0.6625   6.58
1   2.849223    0.0   8.225
0   2.849223    3.3125   8.225
1   5.698447    0.0   6.58
0   5.698447    3.3125   6.58
1   6.648188    2.65   8.225
0   6.648188    0.6625   8.225
1   9.497411    2.65   6.58
0   9.497411    0.6625   6.58
1   8.54767    0.0   8.225
0   8.54767    3.3125   8.225
1   11.396894    0.0   6.58
0   11.396894    3.3125   6.58
1   12.346635    2.65   8.225
0   12.346635    0.6625   8.225
1   15.195858    2.65   6.58
0   15.195858    0.6625   6.58
1   14.246117    0.0   8.225
0   14.246117    3.3125   8.225
1   17.095341    0.0   6.58
0   17.095341    3.3125   6.58
1   18.045082    2.65   8.225
0   18.045082    0.6625   8.225
1   20.894304    2.65   6.58
0   20.894304    0.6625   6.58
1   19.944563    0.0   8.225
0   19.944563    3.3125   8.225
1   22.793787    0.0   6.58
0   22.793787    3.3125   6.58
1   23.743526    2.65   8.225
0   23.743526    0.6625   8.225
1   26.592751    2.65   6.58
0   26.592751    0.6625   6.58
1   25.643011    0.0   8.225
0   25.643011    3.3125   8.225
1   0.0    0.0   9.87
0   0.0    3.3125   9.87
1   0.949741    2.65   11.514999
0   0.949741    0.6625   11.514999
1   3.798965    2.65   9.87
0   3.798965    0.6625   9.87
1   2.849223    0.0   11.514999
0   2.849223    3.3125   11.514999
1   5.698447    0.0   9.87
0   5.698447    3.3125   9.87
1   6.648188    2.65   11.514999
0   6.648188    0.6625   11.514999
1   9.497411    2.65   9.87
0   9.497411    0.6625   9.87
1   8.54767    0.0   11.514999
0   8.54767    3.3125   11.514999
1   11.396894    0.0   9.87
0   11.396894    3.3125   9.87
1   12.346635    2.65   11.514999
0   12.346635    0.6625   11.514999
1   15.195858    2.65   9.87
0   15.195858    0.6625   9.87
1   14.246117    0.0   11.514999
0   14.246117    3.3125   11.514999
1   17.095341    0.0   9.87
0   17.095341    3.3125   9.87
1   18.045082    2.65   11.514999
0   18.045082    0.6625   11.514999
1   20.894304    2.65   9.87
0   20.894304    0.6625   9.87
1   19.944563    0.0   11.514999
0   19.944563    3.3125   11.514999
1   22.793787    0.0   9.87
0   22.793787    3.3125   9.87
1   23.743526    2.65   11.514999
0   23.743526    0.6625   11.514999
1   26.592751    2.65   9.87
0   26.592751    0.6625   9.87
1   25.643011    0.0   11.514999
0   25.643011    3.3125   11.514999
1   0.0    0.0   13.16
0   0.0    3.3125   13.16
1   0.949741    2.65   14.805
0   0.949741    0.6625   14.805
1   3.798965    2.65   13.16
0   3.798965    0.6625   13.16
1   2.849223    0.0   14.805
0   2.849223    3.3125   14.805
1   5.698447    0.0   13.16
0   5.698447    3.3125   13.16
1   6.648188    2.65   14.805
0   6.648188    0.6625   14.805
1   9.497411    2.65   13.16
0   9.497411    0.6625   13.16
1   8.54767    0.0   14.805
0   8.54767    3.3125   14.805
1   11.396894    0.0   13.16
0   11.396894    3.3125   13.16
1   12.346635    2.65   14.805
0   12.346635    0.6625   14.805
1   15.195858    2.65   13.16
0   15.195858    0.6625   13.16
1   14.246117    0.0   14.805
0   14.246117    3.3125   14.805
1   17.095341    0.0   13.16
0   17.095341    3.3125   13.16
1   18.045082    2.65   14.805
0   18.045082    0.6625   14.805
1   20.894304    2.65   13.16
0   20.894304    0.6625   13.16
1   19.944563    0.0   14.805
0   19.944563    3.3125   14.805
1   22.793787    0.0   13.16
0   22.793787    3.3125   13.16
1   23.743526    2.65   14.805
0   23.743526    0.6625   14.805
1   26.592751    2.65   13.16
0   26.592751    0.6625   13.16
1   25.643011    0.0   14.805
0   25.643011    3.3125   14.805
1   0.0    0.0   16.450001
0   0.0    3.3125   16.450001
1   0.949741    2.65   18.094999
0   0.949741    0.6625   18.094999
1   3.798965    2.65   16.450001
0   3.798965    0.6625   16.450001
1   2.849223    0.0   18.094999
0   2.849223    3.3125   18.094999
1   5.698447    0.0   16.450001
0   5.698447    3.3125   16.450001
1   6.648188    2.65   18.094999
0   6.648188    0.6625   18.094999
1   9.497411    2.65   16.450001
0   9.497411    0.6625   16.450001
1   8.54767    0.0   18.094999
0   8.54767    3.3125   18.094999
1   11.396894    0.0   16.450001
0   11.396894    3.3125   16.450001
1   12.346635    2.65   18.094999
0   12.346635    0.6625   18.094999
1   15.195858    2.65   16.450001
0   15.195858    0.6625   16.450001
1   14.246117    0.0   18.094999
0   14.246117    3.3125   18.094999
1   17.095341    0.0   16.450001
0   17.095341    3.3125   16.450001
1   18.045082    2.65   18.094999
0   18.045082    0.6625   18.094999
1   20.894304    2.65   16.450001
0   20.894304    0.6625   16.450001
1   19.944563    0.0   18.094999
0   19.944563    3.3125   18.094999
1   22.793787    0.0   16.450001
0   22.793787    3.3125   16.450001
1   23.743526    2.65   18.094999
0   23.743526    0.6625   18.094999
1   26.592751    2.65   16.450001
0   26.592751    0.6625   16.450001
1   25.643011    0.0   18.094999
0   25.643011    3.3125   18.094999
1   0.0    0.0   19.74
0   0.0    3.3125   19.74
1   0.949741    2.65   21.385
0   0.949741    0.6625   21.385
1   3.798965    2.65   19.74
0   3.798965    0.6625   19.74
1   2.849223    0.0   21.385
0   2.849223    3.3125   21.385
1   5.698447    0.0   19.74
0   5.698447    3.3125   19.74
1   6.648188    2.65   21.385
0   6.648188    0.6625   21.385
1   9.497411    2.65   19.74
0   9.497411    0.6625   19.74
1   8.54767    0.0   21.385
0   8.54767    3.3125   21.385
1   11.396894    0.0   19.74
0   11.396894    3.3125   19.74
1   12.346635    2.65   21.385
0   12.346635    0.6625   21.385
1   15.195858    2.65   19.74
0   15.195858    0.6625   19.74
1   14.246117    0.0   21.385
0   14.246117    3.3125   21.385
1   17.095341    0.0   19.74
0   17.095341    3.3125   19.74
1   18.045082    2.65   21.385
0   18.045082    0.6625   21.385
1   20.894304    2.65   19.74
0   20.894304    0.6625   19.74
1   19.944563    0.0   21.385
0   19.944563    3.3125   21.385
1   22.793787    0.0   19.74
0   22.793787    3.3125   19.74
1   23.743526    2.65   21.385
0   23.743526    0.6625   21.385
1   26.592751    2.65   19.74
0   26.592751    0.6625   19.74
1   25.643011    0.0   21.385
0   25.643011    3.3125   21.385
1   0.0    0.0   23.029999
0   0.0    3.3125   23.029999
1   0.949741    2.65   24.674999
0   0.949741    0.6625   24.674999
1   3.798965    2.65   23.029999
0   3.798965    0.6625   23.029999
1   2.849223    0.0   24.674999
0   2.849223    3.3125   24.674999
1   5.698447    0.0   23.029999
0   5.698447    3.3125   23.029999
1   6.648188    2.65   24.674999
0   6.648188    0.6625   24.674999
1   9.497411    2.65   23.029999
0   9.497411    0.6625   23.029999
1   8.54767    0.0   24.674999
0   8.54767    3.3125   24.674999
1   11.396894    0.0   23.029999
0   11.396894    3.3125   23.029999
1   12.346635    2.65   24.674999
0   12.346635    0.6625   24.674999
1   15.195858    2.65   23.029999
0   15.195858    0.6625   23.029999
1   14.246117    0.0   24.674999
0   14.246117    3.3125   24.674999
1   17.095341    0.0   23.029999
0   17.095341    3.3125   23.029999
1   18.045082    2.65   24.674999
0   18.045082    0.6625   24.674999
1   20.894304    2.65   23.029999
0   20.894304    0.6625   23.029999
1   19.944563    0.0   24.674999
0   19.944563    3.3125   24.674999
1   22.793787    0.0   23.029999
0   22.793787    3.3125   23.029999
1   23.743526    2.65   24.674999
0   23.743526    0.6625   24.674999
1   26.592751    2.65   23.029999
0   26.592751    0.6625   23.029999
1   25.643011    0.0   24.674999
0   25.643011    3.3125   24.674999
1   0.0    0.0   26.32
0   0.0    3.3125   26.32
1   0.949741    2.65   27.965
0   0.949741    0.6625   27.965
1   3.798965    2.65   26.32
0   3.798965    0.6625   26.32
1   2.849223    0.0   27.965
0   2.849223    3.3125   27.965
1   5.698447    0.0   26.32
0   5.698447    3.3125   26.32
1   6.648188    2.65   27.965
0   6.648188    0.6625   27.965
1   9.497411    2.65   26.32
0   9.497411    0.6625   26.32
1   8.54767    0.0   27.965
0   8.54767    3.3125   27.965
1   11.396894    0.0   26.32
0   11.396894    3.3125   26.32
1   12.346635    2.65   27.965
0   12.346635    0.6625   27.965
1   15.195858    2.65   26.32
0   15.195858    0.6625   26.32
1   14.246117    0.0   27.965
0   14.246117    3.3125   27.965
1   17.095341    0.0   26.32
0   17.095341    3.3125   26.32
1   18.045082    2.65   27.965
0   18.045082    0.6625   27.965
1   20.894304    2.65   26.32
0   20.894304    0.6625   26.32
1   19.944563    0.0   27.965
0   19.944563    3.3125   27.965
1   22.793787    0.0   26.32
0   22.793787    3.3125   26.32
1   23.743526    2.65   27.965
0   23.743526    0.6625   27.965
1   26.592751    2.65   26.32
0   26.592751    0.6625   26.32
1   25.643011    0.0   27.965
0   25.643011    3.3125   27.965
1   0.0    0.0   29.610001
0   0.0    3.3125   29.610001
1   0.949741    2.65   31.254999
0   0.949741    0.6625   31.254999
1   3.798965    2.65   29.610001
0   3.798965    0.6625   29.610001
1   2.849223    0.0   31.254999
0   2.849223    3.3125   31.254999
1   5.698447    0.0   29.610001
0   5.698447    3.3125   29.610001
1   6.648188    2.65   31.254999
0   6.648188    0.6625   31.254999
1   9.497411    2.65   29.610001
0   9.497411    0.6625   29.610001
1   8.54767    0.0   31.254999
0   8.54767    3.3125   31.254999
1   11.396894    0.0   29.610001
0   11.396894    3.3125   29.610001
1   12.346635    2.65   31.254999
0   12.346635    0.6625   31.254999
1   15.195858    2.65   29.610001
0   15.195858    0.6625   29.610001
1   14.246117    0.0   31.254999
0   14.246117    3.3125   31.254999
1   17.095341    0.0   29.610001
0   17.095341    3.3125   29.610001
1   18.045082    2.65   31.254999
0   18.045082    0.6625   31.254999
1   20.894304    2.65   29.610001
0   20.894304    0.6625   29.610001
1   19.944563    0.0   31.254999
0   19.944563    3.3125   31.254999
1   22.793787    0.0   29.610001
0   22.793787    3.3125   29.610001
1   23.743526    2.65   31.254999
0   23.743526    0.6625   31.254999
1   26.592751    2.65   29.610001
0   26.592751    0.6625   29.610001
1   25.643011    0.0   31.254999
0   25.643011    3.3125   31.254999
2   24.693269    4.8625   13.16
2   21.844046    4.8625   21.385
2   16.145599    4.8625   24.675
2   23.743528    4.8625   18.095
2   18.994822    4.8625   6.58
114
119
121
122
148
151
153
154
155
156
157
158
159
161
162
188
189
191
192
193
194
195
196
197
198
199
201
228
233
234
236
237
239
400
403
